       16        16 
      200 
        1         1         0 
 3.512450000000000e+08  0.000000000000000e+00  0.000000000000000e+00 -1.300000000000000e+00  
 0.000000000000000e+00  0.000000000000000e+00 -3.270000000000000e-01  1.855000000000000e-01  1.879000000000000e-01  
 2.000000000000000e+01  9.730000000000001e-01  0.000000000000000e+00  0.000000000000000e+00  1.000000000000000e+00  
        2         2         0 
 3.511600000000000e+08  0.000000000000000e+00  0.000000000000000e+00 -1.300000000000000e+00  
 0.000000000000000e+00  0.000000000000000e+00 -9.500000000000000e-01  1.879000000000000e-01  1.891000000000000e-01  
 2.000000000000000e+01  3.500000000000001e-01  0.000000000000000e+00  0.000000000000000e+00  1.000000000000000e+00  
        3         3         0 
 3.502900000000000e+08  0.000000000000000e+00  0.000000000000000e+00 -1.300000000000000e+00  
 0.000000000000000e+00  0.000000000000000e+00 -1.210000000000000e+00  1.891000000000000e-01  1.945000000000000e-01  
 2.000000000000000e+01  9.000000000000008e-02  0.000000000000000e+00  0.000000000000000e+00  1.000000000000000e+00  
        4         4         0 
-3.512450000000000e+08  0.000000000000000e+00  0.000000000000000e+00 -1.326400000000000e+00  
 0.000000000000000e+00  0.000000000000000e+00 -3.534000000000000e-01  3.759000000000000e-01  3.765000000000000e-01  
 2.000000000000000e+01  9.730000000000001e-01  0.000000000000000e+00  0.000000000000000e+00  1.000000000000000e+00  
        5         5         0 
-3.513190000000000e+08  0.000000000000000e+00  0.000000000000000e+00 -1.326400000000000e+00  
 0.000000000000000e+00  0.000000000000000e+00 -9.564000000000000e-01  3.765000000000000e-01  3.771000000000000e-01  
 2.000000000000000e+01  3.700000000000000e-01  0.000000000000000e+00  0.000000000000000e+00  1.000000000000000e+00  
        6         6         0 
 3.500440000000000e+08  0.000000000000000e+00  0.000000000000000e+00 -2.341000000000000e-01  
 0.000000000000000e+00  0.000000000000000e+00 -1.969000000000000e-01  1.898000000000000e-01  2.258000000000000e-01  
 2.000000000000000e+01  3.720000000000001e-02  0.000000000000000e+00  0.000000000000000e+00  1.000000000000000e+00  
        7         7         0 
-3.500440000000000e+08  0.000000000000000e+00  0.000000000000000e+00 -2.341000000000000e-01  
 0.000000000000000e+00  0.000000000000000e+00 -1.969000000000000e-01  3.544000000000000e-01  3.664000000000000e-01  
 2.000000000000000e+01  3.720000000000001e-02  0.000000000000000e+00  0.000000000000000e+00  1.000000000000000e+00  
        8         8         0 
 3.493070000000000e+08  0.000000000000000e+00  0.000000000000000e+00 -6.690000000000000e-02  
 0.000000000000000e+00  0.000000000000000e+00 -2.970000000000000e-02  1.757000000000000e-01  1.947000000000000e-01  
 2.000000000000000e+01  3.720000000000000e-02  0.000000000000000e+00  0.000000000000000e+00  1.000000000000000e+00  
        9         9         0 
-3.359690000000000e+08  0.000000000000000e+00  0.000000000000000e+00 -6.150000000000000e-02  
 0.000000000000000e+00  0.000000000000000e+00 -2.430000000000000e-02  3.881000000000000e-01  3.931000000000000e-01  
 2.000000000000000e+01  3.720000000000000e-02  0.000000000000000e+00  0.000000000000000e+00  1.000000000000000e+00  
       10        10         0 
 3.499930000000000e+08  0.000000000000000e+00  0.000000000000000e+00 -1.435000000000000e-02  
 0.000000000000000e+00  0.000000000000000e+00  1.435000000000000e-02  4.570000000000000e-02  7.439999999999999e-02  
 2.000000000000000e+01  2.870000000000000e-02  0.000000000000000e+00  0.000000000000000e+00  1.000000000000000e+00  
       11        11         0 
 2.391880000000000e+08  0.000000000000000e+00  0.000000000000000e+00  1.500000000000000e-01  
 0.000000000000000e+00  0.000000000000000e+00  4.650000000000000e+00  1.998000000000000e-01  2.005000000000000e-01  
 2.000000000000000e+01  4.500000000000000e+00  0.000000000000000e+00  0.000000000000000e+00  1.000000000000000e+00  
       12        12         0 
-4.272000000000000e+07  0.000000000000000e+00  0.000000000000000e+00  1.500000000000000e-01  
 0.000000000000000e+00  0.000000000000000e+00  4.650000000000000e+00  3.958000000000000e-01  3.968000000000000e-01  
 2.000000000000000e+01  4.500000000000000e+00  0.000000000000000e+00  0.000000000000000e+00  1.000000000000000e+00  
       13        13         0 
 3.497300000000000e+08  0.000000000000000e+00  0.000000000000000e+00  4.760000000000000e+00  
 0.000000000000000e+00  0.000000000000000e+00  5.100000000000000e+00  1.882000000000000e-01  1.918000000000000e-01  
 2.000000000000000e+01  3.399999999999999e-01  0.000000000000000e+00  0.000000000000000e+00  1.000000000000000e+00  
       14        14         0 
 3.495290000000000e+08  0.000000000000000e+00  0.000000000000000e+00  5.000000000000000e+00  
 0.000000000000000e+00  0.000000000000000e+00  5.100000000000000e+00  1.918000000000000e-01  1.972000000000000e-01  
 2.000000000000000e+01  9.999999999999964e-02  0.000000000000000e+00  0.000000000000000e+00  1.000000000000000e+00  
       15        15         0 
-3.511600000000000e+08  0.000000000000000e+00  0.000000000000000e+00  4.726800000000000e+00  
 0.000000000000000e+00  0.000000000000000e+00  5.076800000000000e+00  3.807000000000000e-01  3.813000000000000e-01  
 2.000000000000000e+01  3.500000000000005e-01  0.000000000000000e+00  0.000000000000000e+00  1.000000000000000e+00  
       16        16         0 
-3.534020000000000e+08  0.000000000000000e+00  0.000000000000000e+00  4.976800000000000e+00  
 0.000000000000000e+00  0.000000000000000e+00  5.076800000000000e+00  3.813000000000000e-01  3.836000000000000e-01  
 2.000000000000000e+01  1.000000000000005e-01  0.000000000000000e+00  0.000000000000000e+00  1.000000000000000e+00  
